25,
Vampire, 1, 1, 50, 500, 600,
Vampire, 2, 2, 50, 500, 600,
Vampire, 4, 3, 50, 500, 600,
Vampire, 3, 5, 50, 500, 600,
Vampire, 5, 3, 50, 500, 600,
Vampire, 6, 4, 50, 500, 600,
Vampire, 7, 1, 50, 500, 600,
Vampire, 8, 3, 50, 500, 600,
Vampire, 11, 4, 50, 500, 600,
Vampire, 8, 0, 50, 500, 600,
Vampire, 10, 3, 50, 500, 600,
Vampire, 13, 1, 50, 500, 600,
Vampire, 12, 3, 50, 500, 600,
Warlock, 11, 7, 65, 1000, 900,
Warlock, 14, 9, 65, 1000, 900,
Warlock, 14, 13, 65, 1000, 900,
Warlock, 12, 13, 65, 1000, 900,
Warlock, 11, 11, 65, 1000, 900,
Warlock, 9, 11, 65, 1000, 900,
Warlock, 8, 10, 65, 1000, 900,
Warlock, 8, 13, 65, 1000, 900, 
Demon, 6, 12, 85, 2000, 1200, 
Demon, 4, 11, 85, 2000, 1200, 
Demon, 3, 11, 85, 2000, 1200,
Juggernaut, 1, 11, 100, 4000, 1800,

 
